ident
line
0 0 0 100 0 0
line
100 0 0 100 100 0
line
100 100 0 0 100 0
line
0 100 0 0 0 0
line
0 0 100 100 0 100
line
100 0 100 100 100 100
line
100 100 100 0 100 100
line
0 100 100 0 0 100
line
0 0 0 0 0 100
line
0 100 0 0 100 100
line
100 100 0 100 100 100
line
100 0 0 100 0 100
move
50 50 50
apply
ident
line
0 0 0 200 0 0
line
200 0 0 200 200 0
line
200 200 0 0 200 0
line
0 200 0 0 0 0
line
0 0 200 200 0 200
line
200 0 200 200 200 200
line
200 200 200 0 200 200
line
0 200 200 0 0 200
line
0 0 0 0 0 200
line
0 200 0 0 200 200
line
200 200 0 200 200 200
line
200 0 0 200 0 200
line
0 0 0 50 50 50
line
0 0 200 50 50 150
line
0 200 0 50 150 50
line
0 200 200 50 150 150
line
200 0 0 150 50 50
line
200 0 200 150 50 150
line
200 200 0 150 150 50
line
200 200 200 150 150 150
move
100 100 100
rotate
z 45
rotate
y -45
rotate
x -45
move
350 -100 0
apply
save
image.ppm
save
image.png
